0 4
0 6
0 8
0 10
0 13
0 14
0 17
0 19
0 20
0 22
0 23
0 26
0 28
0 29
0 30
1 5
1 12
1 13
1 14
1 17
1 18
1 20
1 21
1 26
1 29
1 30
2 10
2 11
2 13
2 17
2 18
2 20
2 22
2 24
2 27
2 29
3 5
3 6
3 8
3 11
3 13
3 14
3 16
3 17
3 19
3 20
3 21
3 22
3 24
3 26
3 27
3 28
4 13
4 17
4 20
4 24
4 28
4 30
5 6
5 7
5 10
5 12
5 13
5 16
5 19
5 23
5 25
5 30
6 11
6 12
6 14
6 23
6 27
6 30
7 8
7 10
7 12
7 13
7 15
7 18
7 19
7 21
7 22
7 23
7 26
7 27
7 30
8 9
8 10
8 11
8 13
8 14
8 16
8 20
8 22
8 24
8 25
8 27
8 29
9 10
9 11
9 17
9 18
9 19
9 24
9 25
9 26
9 27
9 30
10 12
10 14
10 15
10 17
10 19
10 23
10 24
10 25
10 26
10 27
10 28
10 30
11 20
11 21
11 23
11 24
11 25
12 15
12 20
12 21
12 23
12 26
12 30
13 20
13 22
13 27
13 28
13 30
14 22
14 23
14 24
14 26
14 27
14 28
14 29
14 30
15 21
15 23
15 24
15 25
15 28
15 29
16 19
16 20
16 22
16 23
16 24
16 25
16 26
17 20
17 21
17 22
17 27
17 29
18 21
18 22
18 23
18 25
18 26
18 27
18 28
18 29
19 20
19 24
19 26
19 27
19 28
19 30
20 22
20 24
20 30
21 27
21 28
22 27
22 29
22 30
23 30
24 25
24 26
24 27
24 30
25 30
27 30
